200801	0.00	0.00	0.00	0.00	0.08	0.00	0.00	0.85	0.00	0.06	0.00	0.00	0.01	0.00	0.00	0.07	0.00	0.00	0.00	0.00	0.04	0.05	0.00	0.00	0.00	0.00	0.00	0.00	0.38	0.00	0.39
200802	0.00	0.00	0.00	0.01	0.34	0.05	0.00	0.00	0.00	0.00	0.03	1.87	0.00	0.00	0.00	0.06	0.28	0.00	0.00	0.00	0.33	0.19	0.00	0.04	0.00	0.00	0.00	0.00	0.00
200803	0.00	0.00	3.51	0.06	0.00	0.00	0.02	0.00	0.00	0.00	0.00	0.00	0.09	0.33	1.01	0.00	0.00	2.54	0.59	0.00	0.00	0.00	0.00	0.00	0.00	0.00	0.00	0.11	0.07	0.81	1.75
200804	0.00	0.66	2.06	0.95	0.00	0.00	0.00	0.04	0.00	1.27	0.00	0.00	0.00	0.00	0.00	0.00	0.00	0.48	0.00	0.00	0.00	0.29	0.01	0.25	0.46	0.00	0.02	0.00	0.00	0.00
200805	0.00	0.32	0.00	0.00	0.00	0.10	0.21	0.36	0.00	1.25	0.00	0.00	1.19	0.00	0.08	0.00	0.00	0.00	0.00	0.00	0.00	0.00	0.00	0.03	0.10	0.13	0.00	0.00	0.00	0.00	0.00
200806	0.00	0.00	0.00	0.00	0.00	0.00	0.00	0.00	0.11	0.01	0.00	0.00	0.04	0.00	0.00	0.00	0.00	0.00	0.00	0.00	0.00	0.00	0.01	0.00	0.00	0.00	0.00	0.54	0.00	0.00
200807	0.00	0.00	0.08	1.01	0.00	0.01	0.00	0.00	0.03	0.02	0.00	0.33	0.69	0.07	0.00	0.00	0.00	0.00	0.00	0.00	0.00	0.13	0.02	0.00	0.00	0.00	0.00	0.14	0.00	0.14
200808	0.00	0.00	0.00	0.00	0.00	0.00	0.23	0.00	0.00	0.00	0.00	0.02	0.00	0.00	1.24	0.01	0.00	0.00	0.00	0.65	1.65	0.05	0.00	0.00	0.00	0.00	0.00	0.00	0.00	0.00	0.00
200809	0.00	0.00	1.54	0.91	0.00	0.00	0.01	0.02	0.00	0.00	0.00	0.00	0.00	0.45	0.00	0.00	0.00	0.00	0.17	0.05	0.00	0.01	0.00	0.00	0.00	0.00	0.00	0.00	0.02	0.00
200810	0.00	0.00	0.00	0.00	0.00	0.00	0.88	0.00	0.00	0.00	0.00	0.00	0.01	0.00	0.06	0.40	0.00	0.00	0.00	0.00	0.00	0.00	0.48	0.00	0.00	0.00	0.00	0.00	0.00	0.00	0.00
200811	0.00	0.00	0.00	0.00	0.02	0.05	0.00	0.00	0.00	0.00	0.06	0.68	0.00	0.28	0.00	0.00	0.00	0.00	0.00	0.00	0.00	0.00	0.02	0.13	0.00	0.00	0.00	0.00	0.05	0.02
200812	0.00	0.00	1.03	0.00	0.00	0.00	0.00	0.00	0.82	0.01	0.00	0.00	0.00	0.01	0.74	0.17	0.00	0.02	0.15	0.00	0.00	0.00	0.26	0.96	0.00	0.01	0.38	0.44	0.00	0.00	0.00
200901	0.00	0.00	0.00	0.02	0.15	0.30	0.00	0.00	0.00	0.04	0.00	0.00	0.00	0.00	0.00	0.00	0.00	0.00	0.00	0.00	0.00	0.00	0.00	0.00	0.00	0.18	1.73	0.32	0.00	0.00	0.00
200902	0.00	0.00	0.00	0.00	0.00	0.00	0.00	0.00	0.24	2.41	0.66	0.00	0.00	0.00	0.00	0.00	0.56	0.01	0.00	0.00	0.30	0.00	0.00	0.00	0.00	0.01	0.33	0.15
200903	0.00	0.00	0.00	0.00	0.00	0.00	0.00	0.00	0.00	0.58	0.34	0.23	0.04	0.12	0.00	0.00	0.00	0.00	0.03	0.00	0.05	0.00	0.00	1.83	0.19	0.00	0.58	0.50	0.00	0.00	0.06
200904	0.00	0.42	0.00	0.00	0.00	0.00	0.00	0.00	0.27	0.00	0.00	1.55	0.00	0.00	0.00	0.00	0.00	0.66	0.37	0.00	0.00	0.00	0.00	0.00	0.00	0.00	1.13	2.39	0.03	1.05
200905	0.03	0.58	0.11	0.00	0.16	0.73	0.01	0.24	2.23	0.07	0.00	0.00	0.00	0.65	0.00	0.29	0.00	0.00	0.00	0.00	0.00	0.00	0.00	2.77	0.18	0.21	0.00	0.10	0.00	0.01	0.00
200906	0.00	0.00	2.50	0.19	0.00	0.00	0.00	0.00	0.00	0.10	0.00	0.00	0.00	0.03	0.80	0.19	0.00	0.00	0.00	0.00	0.00	0.00	0.00	0.00	0.00	0.00	0.00	0.00	0.35	0.00
200907	0.00	0.00	0.00	0.05	0.00	0.00	0.00	0.00	0.00	0.00	0.63	0.05	0.01	0.00	0.00	1.41	0.00	0.00	0.00	0.00	2.93	0.00	0.01	0.00	0.00	0.27	0.00	0.66	0.11	0.77	0.00
200908	0.08	0.00	0.00	0.00	2.15	0.00	0.01	0.00	0.00	0.79	0.00	0.00	0.00	0.01	0.00	0.02	0.64	0.02	0.00	0.47	0.00	0.00	0.00	0.00	0.00	0.00	0.00	0.00	0.00	0.01	0.00
200909	0.02	0.00	0.00	0.36	0.06	0.35	0.23	0.00	0.01	0.00	0.00	0.00	0.01	1.21	2.10	0.56	0.02	0.30	0.03	0.00	1.36	0.03	0.00	1.36	0.01	0.00	0.00	0.00	0.00	0.00
200910	0.90	0.00	0.00	0.29	0.00	0.28	0.11	0.14	1.61	0.00	0.01	0.00	1.64	0.00	0.05	0.05	0.00	0.00	0.00	0.00	0.00	1.90	0.02	0.00	0.01	0.00	1.07	0.00	0.76	3.00	0.00
200911	0.00	0.00	0.00	0.00	0.00	0.00	0.00	0.00	0.00	0.00	0.00	0.00	0.00	0.00	0.00	0.40	0.02	0.01	0.00	0.00	0.00	0.00	0.02	0.12	0.00	0.00	0.00	0.00	0.40	0.00
200912	0.01	1.29	0.00	0.00	0.00	0.03	0.05	1.12	0.00	0.00	0.00	0.16	0.00	0.00	0.00	0.00	0.00	0.00	0.00	0.00	0.00	0.02	2.06	4.91	0.00	0.00	0.00	0.00	0.00	0.09	0.00
201001	0.00	0.00	0.00	0.00	0.00	0.00	0.00	0.00	0.00	0.00	0.00	0.00	0.00	0.00	0.00	0.26	0.47	0.00	0.01	0.85	0.46	0.00	0.43	0.00	0.00	0.00	0.00	0.00	0.00	0.00
201002	0.00	0.00	0.00	0.36	0.20	0.00	0.00	0.25	0.02	0.06	0.00	0.00	0.00	0.08	0.00	0.00	0.00	0.00	0.00	0.00	0.62	0.00	0.00	0.00	0.00	0.00	0.00	0.00
201003	0.00	0.00	0.00	0.00	0.00	0.00	0.00	0.00	0.42	0.32	0.20	0.42	0.02	0.00	0.00	0.00	0.00	0.00	0.00	0.00	0.79	0.22	0.01	0.00	1.22	0.00	0.31	0.00	0.00	0.00	0.00
201004	0.00	0.01	0.58	0.00	0.00	0.00	0.89	0.00	0.00	0.00	0.00	0.00	0.00	0.00	0.00	0.00	0.00	0.00	0.00	0.00	0.00	0.09	0.33	0.29	0.00	0.00	0.00	0.00	0.09	1.62
201005	1.58	0.00	0.00	0.00	0.00	0.00	0.00	0.00	0.00	1.80	0.00	0.00	0.00	0.00	0.00	0.27	0.01	0.00	0.00	0.40	0.00	0.00	0.00	0.04	0.02	0.00	0.00	0.00	0.03	0.02	0.00
201006	0.00	0.00	0.11	0.01	0.00	0.00	0.00	0.00	0.00	0.00	0.00	0.00	0.00	0.00	0.00	0.00	0.00	0.00	0.00	0.00	0.00	0.00	0.00	0.14	0.03	0.01	0.00	0.04	0.00	0.00
201007	0.00	0.00	0.88	0.00	0.00	0.00	0.00	0.00	0.00	0.00	0.38	1.09	0.55	0.00	0.16	0.02	0.00	0.00	0.45	0.00	0.00	0.00	0.00	0.00	0.00	0.12	0.03	0.00	0.00	0.00	0.07
201008	0.00	0.00	0.00	0.00	0.00	0.00	0.00	0.00	0.00	0.03	0.01	0.20	0.00	0.00	0.00	0.00	0.00	0.00	0.00	0.00	0.00	0.00	0.00	0.00	0.00	0.09	0.00	0.00	0.00	0.00	0.00
201009	0.00	0.00	0.00	0.00	0.00	0.00	0.63	0.03	1.82	0.00	0.33	0.00	0.00	0.00	0.00	0.28	0.00	0.00	0.00	0.00	0.00	0.00	0.00	0.00	0.00	0.00	0.00	0.00	0.00	0.00
201010	0.00	0.00	0.00	0.00	0.00	0.00	0.00	0.00	0.00	0.00	0.00	0.15	0.01	0.00	0.00	0.00	0.00	0.00	0.00	0.00	0.00	0.00	0.00	0.00	0.00	0.42	0.00	0.00	0.00	0.00	0.00
201011	0.00	0.13	0.05	0.00	0.00	0.00	0.00	0.00	0.00	0.00	0.00	0.00	0.14	0.00	0.00	0.64	0.15	0.02	0.00	0.01	0.00	0.17	0.00	0.06	1.26	0.00	0.00	0.00	1.72	0.01
201012	0.00	0.00	0.00	0.00	0.00	0.00	0.00	0.00	0.00	0.00	0.56	0.00	0.00	0.00	0.00	0.01	0.00	0.00	0.00	0.00	0.00	0.00	0.00	0.06	0.00	0.00	0.00	0.00	1.29	0.00	0.42
201101	0.00	0.00	0.00	0.00	0.04	0.00	0.00	0.00	0.00	0.01	0.00	0.00	0.00	0.00	0.00	0.00	0.07	0.09	0.00	0.01	0.08	0.01	0.02	0.00	0.00	0.00	0.00	0.00	0.00	0.00	0.00
201102	1.28	0.00	0.00	0.02	0.08	0.03	0.22	0.00	0.00	0.00	0.00	0.00	0.00	0.00	0.00	0.00	0.00	0.01	0.00	0.00	0.02	0.00	0.91	2.05	0.00	0.00	0.00	0.50
201103	0.00	0.00	0.00	0.09	1.46	0.00	0.00	1.19	0.01	0.01	0.00	0.00	0.09	0.44	0.00	0.00	0.00	0.00	0.00	0.00	0.00	0.00	0.00	0.00	0.09	0.45	0.16	0.00	1.03	0.01	0.00
201104	0.00	0.00	0.00	0.51	0.00	0.00	0.00	0.00	0.00	0.00	1.20	0.00	0.01	0.00	0.51	0.01	0.00	0.00	0.47	0.00	0.06	0.06	0.00	0.29	2.24	1.94	0.53	0.00	0.00	0.33
201105	3.32	2.25	0.07	0.00	0.13	0.00	0.29	0.00	0.00	0.00	0.00	0.00	0.82	0.00	0.00	0.00	0.16	0.01	0.00	1.12	0.12	0.44	0.43	0.11	0.45	0.00	0.00	0.00	0.00	0.00	0.00
201106	0.00	0.00	0.00	0.00	0.00	0.00	0.00	0.00	0.00	0.00	0.41	0.00	0.16	0.00	0.00	0.07	0.00	0.04	0.00	0.01	0.00	0.00	0.00	0.02	0.00	0.00	0.00	0.66	0.00	0.00
201107	0.00	0.00	0.00	0.00	0.00	0.03	0.13	0.06	0.00	0.00	0.00	0.00	0.00	1.54	0.00	0.00	0.00	0.00	0.00	0.00	0.00	0.00	0.00	0.08	0.01	0.00	0.00	0.00	0.11	0.00	0.06
201108	0.04	0.00	0.00	0.00	0.03	0.00	0.00	0.00	0.01	0.05	0.00	0.54	0.00	0.00	0.00	0.00	0.10	0.50	0.01	0.05	0.00	0.00	0.00	1.16	0.00	0.00	0.00	0.00	0.00	0.00	0.00
201109	0.00	0.00	0.00	0.13	0.00	0.00	0.00	0.00	0.00	0.00	0.00	0.00	0.00	0.20	0.00	0.00	0.00	0.65	1.19	0.00	0.01	0.03	0.00	0.01	0.59	0.00	0.00	0.00	0.00	0.00
201110	0.00	0.00	0.00	0.00	0.00	0.00	0.00	0.00	0.00	0.00	0.00	0.59	0.04	0.00	0.00	0.00	0.00	0.58	0.00	0.00	0.00	0.00	0.01	0.00	0.00	0.22	0.85	0.26	0.00	0.00	0.00
201111	0.00	0.00	0.31	0.00	0.00	0.00	0.00	1.86	0.03	0.00	0.00	0.00	0.00	0.11	3.71	0.52	0.00	0.00	0.00	0.46	1.22	0.60	0.00	0.00	0.00	0.76	0.17	0.39	0.36	0.00
201112	0.00	0.00	0.00	2.97	1.84	0.02	0.16	0.00	0.00	0.00	0.00	0.00	0.00	0.00	0.64	0.27	0.00	0.00	0.00	0.68	0.00	0.15	0.00	0.00	0.00	0.85	0.15	0.00	0.00	0.00	0.00
201201	0.00	0.00	0.00	0.00	0.00	0.00	0.01	0.10	0.00	0.85	0.01	0.00	0.00	0.00	0.00	0.00	0.01	0.00	0.00	0.00	0.00	0.87	0.00	0.00	0.58	0.31	0.00	0.00	0.00	0.00	0.00
201202	0.00	0.00	0.85	0.73	0.00	0.00	0.00	0.00	0.00	0.09	0.00	0.00	0.28	0.04	0.13	0.00	0.00	0.00	0.12	0.01	0.03	0.01	0.00	0.00	0.00	0.00	0.00	0.00
201203	0.00	0.00	0.00	0.00	0.00	0.00	0.00	2.83	0.00	0.25	0.22	0.06	0.00	0.00	0.00	0.64	0.00	0.00	0.00	0.00	0.31	0.36	0.23	0.00	0.00	0.00	0.00	0.00	0.00	0.00	0.00
201204	0.00	0.00	0.00	0.00	0.00	0.00	0.00	0.00	0.00	0.00	0.00	0.00	0.00	0.00	0.74	0.36	0.00	0.00	0.00	0.11	0.00	0.00	0.00	0.00	0.00	0.00	0.01	0.00	0.00	0.00
201205	0.00	0.02	0.00	0.00	0.00	0.00	0.86	0.00	0.00	0.00	0.00	0.03	0.00	0.00	0.00	0.01	0.00	0.00	0.32	0.00	0.00	0.00	0.00	0.00	0.00	0.00	0.00	0.00	0.00	0.12	0.04
201206	0.00	0.00	1.15	0.16	0.00	0.00	0.00	0.00	0.00	0.00	0.88	0.00	0.00	0.00	0.00	0.00	0.00	0.00	0.00	0.00	0.00	0.00	0.00	0.00	0.00	0.00	0.00	0.00	0.00	0.00
201207	0.00	0.00	0.00	0.00	0.00	0.00	0.00	0.00	0.01	0.15	0.01	0.20	0.00	0.02	0.00	0.00	0.00	0.00	0.00	0.00	0.00	0.00	0.00	0.00	0.00	0.38	0.00	0.00	0.00	0.00	0.09
201208	0.00	0.04	0.00	0.00	0.00	0.00	0.00	0.00	0.00	0.00	0.00	0.00	0.00	0.00	0.00	0.01	0.23	0.01	0.26	0.00	0.00	0.00	0.00	0.00	0.86	0.01	1.11	0.00	0.00	0.36	0.93
201209	0.96	0.00	0.00	0.00	0.02	0.01	3.17	0.11	0.00	0.00	0.00	0.00	0.00	0.00	0.10	0.00	0.10	0.00	0.00	0.00	0.25	0.00	0.00	0.00	0.00	0.00	0.49	0.32	0.00	0.01
201210	0.04	0.00	0.00	0.00	0.83	0.06	0.00	0.02	0.00	0.00	0.30	0.16	0.00	0.28	0.00	0.00	0.45	0.00	0.00	0.00	0.00	0.00	0.00	0.00	0.21	0.40	0.00	0.00	0.00	0.00	0.00
201211	0.00	0.00	0.00	0.00	0.10	0.00	0.00	0.00	0.00	0.00	1.76	0.00	0.00	0.00	0.00	0.00	0.00	0.00	0.00	0.00	0.00	0.00	0.31	0.00	0.00	0.00	0.00	0.00	0.00	0.00
201212	0.00	0.00	0.00	0.70	0.00	0.00	0.00	0.27	0.96	0.00	0.00	0.00	0.00	0.01	0.11	0.00	0.01	0.00	0.00	0.44	0.00	0.00	0.00	0.00	0.50	0.07	0.00	0.24	0.00	0.00	0.38
